-0.1733, -3.4218, -2.3271, -3.4539, -3.4539, -3.4539, -2.6881, -2.8037,
-2.7986, -2.7789, -2.7611, -2.8291, -2.8160, -2.9919, -2.7445, -3.3446,
-2.9602, -2.8911, -2.8024, -2.8822, -2.6438, -2.6356, -3.1718, -2.8101,
-2.7901, -2.8993, -2.8670, -3.0562, -3.1240, -2.9737, -3.1042, -3.2992,
-3.4539, -3.1746, -3.4539, -2.1535, -3.4539, -1.4672, -2.7794, -2.5707,
-3.1405, -2.9375, -2.7094, -3.4539, -3.4071, -3.3285, -2.9452, -3.4539,
-3.4539, -3.0898, -3.4071, -3.4539, -3.4539, -3.4539, -3.4539, -3.2345,
-1.9744, -3.4539, -2.7025, -2.6388, -3.1663, -1.9273, -3.3234, -3.4539,
-3.2309, -3.4001, -3.1557, -3.4539, -2.4936, -3.4539, -3.4294, -2.6548,
-2.3159, -2.4578, -2.0925, -3.4539, -3.2992, -3.3337, -3.2729, -3.4539,
-2.9354, -3.3933, -3.1920, -3.3502, -2.7004, -3.2568, -3.1286, -3.4294,
-3.4539, -3.3183, -3.4539, -3.4373, -3.4539, -3.4001, -3.0597, -3.4539,
-3.2771, -2.7243, -2.7366, -3.4539, -3.2647, -2.9040, -3.4539, -2.0372,
-3.1480, -1.5735, -2.4457, -2.9663, -3.4539, -3.0580, -3.4001, -3.3502,
-3.1333, -2.6527, -2.9933, -3.4539, -1.6619, -3.4539, -3.0282, -3.0459,
-3.4294, -1.9000, -2.6479, -3.2688, -2.6722, -3.4539, -3.4294, -3.4143,
-3.0220, -1.9171, -3.4539, -3.4539, -2.5360, -1.9815, -2.4277, -2.2799,
-3.4539, -3.4539, -2.3836, -3.1021, -2.4641, -3.0651, -2.1726, -3.4539,
-3.4539, -2.4235, -2.9675, -3.1531, -2.2164, -2.6822, -3.4455, -3.3618,
-2.5289, -1.9240, -2.1674, -2.6652, -3.0938, -3.1172, -3.1000, -1.9295,
-3.4539, -3.3802, -3.4071, -2.8049, -2.8362, -3.4539, -2.5933, -2.8466,
-3.4539, -3.0898, -3.4539, -2.5421, -3.2688, -3.4539, -3.2814, -3.3337,
-3.3559, -2.9217, -2.1223, -3.4373, -3.2012, -2.7992, -3.3183, -3.3038,
-3.4455, -2.7574, -3.3618, -1.9904, -2.8621, -2.1632, -3.3867, -3.4455,
-2.6996, -3.4539, -3.0839, -1.9953, -2.3885, -2.4916, -2.5381, -2.7812,
-3.4373, -3.0029, -3.4539, -2.7616, -2.6186, -2.4140, -2.8848, -3.4455,
-3.4373, -2.0655, -2.6897, -2.0644, -3.4539, -3.3038, -3.1430, -3.4001,
-3.1263, -3.4539, -3.4539, -2.2918, -2.8796, -1.8881, -2.4876, -3.4539,
-2.2700, -3.4539, -2.5969, -3.4539, -3.4539, -3.4539, -1.8373, -3.4539,
-3.3234, -2.7526, -3.2946, -2.7526, -3.1263, -2.6958, -3.3559, -2.9852,
-3.3678, -3.4539, -3.4539, -2.4656, -3.4539, -2.7537, -3.2140, -3.4539,
-3.4539, -2.6893, -1.9082, -2.4255, -3.4539, -2.9787, -3.4218, -2.6327,
-2.8108, -3.4539, -2.7665, -3.0959, -3.0443, -3.1802, -2.0517, -3.4539,
-3.2946, -2.3468, -3.4539, -2.7501, -3.1746, -3.4539, -3.2309, -3.2206,
-2.7835, -3.4539, -3.4539, -3.4539, -2.8736, -3.4539, -3.4539, -3.4539,
-2.8277, -3.4539, -2.9933, -2.5421, -3.4539, -3.4539, -2.5245, -2.5543,
-3.3678, -3.4455, -2.5093, -3.2075, -1.9057, -2.9839, -3.4539, -3.2491,
-3.1021, -3.4539, -3.0651, -2.1386, -3.4294, -2.0454, -3.4539, -3.3446,
-3.4539, -2.9157, -2.7034, -3.1860, -2.4421, -2.7116, -3.4539, -3.4539,
-2.3560, -3.3933, -2.7949, -3.3391, -2.9228, -3.4373, -3.4539, -3.2607,
-2.0507, -3.3618, -3.4539, -2.7806, -3.3134, -3.2274, -3.4539, -1.6689,
-3.4539, -3.4539, -2.5117, -3.0724, -2.7737, -3.2992, -2.8504, -3.2345,
-3.4539, -3.3867, -3.4539, -3.4539, -3.2173, -3.4539, -3.4539, -3.3867,
-2.1225, -2.4526, -3.3234, -3.4539, -2.9397, -3.0130, -2.7771, -2.9892,
-3.4539, -2.7460, -2.1488, -3.3391, -2.1142, -3.4071, -2.7485, -2.4954,
-2.5334, -2.9021, -3.1774, -3.2771, -3.4373, -3.4294, -2.3984, -3.0510,
-2.4404, -3.2607, -2.9375, -2.7643, -2.9906, -3.4539, -3.1860, -3.3618,
-3.3802, -2.8893, -2.9207, -3.3234, -3.3678, -3.0918, -3.4539, -3.3446,
-3.3559, -3.4539, -2.8831, -3.4539, -1.1639, -3.4539, -3.2901, -2.5161,
-2.4261, -3.0345, -3.4539, -3.3933, -2.3219, -2.9300, -2.1833, -3.2309,
-1.9483, -3.4539, -3.2688, -2.6435, -3.4539, -2.4407, -1.8336, -2.4517,
-2.6909, -2.4208, -2.4223, -3.3446, -2.8703, -2.4473, -2.2808, -2.6619,
-2.2142, -2.4847, -3.0597, -2.5865, -3.1240, -2.6615, -3.4455, -2.8326,
-3.3134, -3.4539, -2.6311, -3.4539, -2.9933, -3.0160, -2.7829, -3.4539,
-2.3046, -2.4840, -3.1636, -3.4071, -2.5157, -2.8458, -3.2857, -3.4539,
-2.3413, -2.7134, -2.8030, -2.7542, -3.4294, -2.4755, -2.4976, -3.1021,
-3.4539, -3.3933, -2.4350, -2.2879, -2.9364, -3.0410, -3.2814, -2.6452,
-3.4539, -2.2090, -3.4539, -2.0615, -3.4539, -3.3739, -3.4539, -3.4539,
-3.4539, -3.3086, -3.0597, -2.3742, -3.3678, -3.0345, -3.4455, -2.9591,
-2.2012, -3.4539, -3.3285, -2.6295, -3.2771, -3.4539, -2.8108, -3.3234,
-2.9800, -3.3391, -3.4455, -3.2771, -3.4539, -3.4539, -3.4539, -2.9311,
-2.7147, -3.0858, -3.4143, -3.4071, -3.1286, -2.1079, -3.4294, -3.4218,
-3.0116, -3.2140, -3.2454, -3.4539, -3.3234, -2.6019, -3.1774, -3.4539,
-3.4539, -3.4539, -2.6703, -3.4539, -3.2946, -2.4460, -1.9160, -3.4539,
-2.7720, -3.0800, -3.4539, -1.7123, -2.3541, -1.9791, -2.9775, -3.4539,
-3.4539, -3.0476, -2.3265, -3.2729, -3.4539, -2.7955, -2.7112, -2.7949,
-3.1042, -2.3558, -3.1831, -3.0410, -3.0410, -3.3618, -2.7192, -2.4559,
-2.6930, -3.4539, -1.9845, -2.6421, -2.5381, -3.3802, -2.4777, -3.2381,
-3.4455, -3.4539, -3.4071, -3.1042, -3.4001, -3.2814, -3.3502, -2.7888,
-3.2771, -2.5249, -2.5476, -2.3549, -3.4455, -2.6615, -2.1459, -3.4539,
-3.2729, -2.4344, -3.0029, -3.4294, -2.5930, -3.4539, -2.6333, -3.4539,
-3.4539, -3.3285, -2.8154, -2.7125, -2.7847, -2.0583, -3.4539, -3.4539,
-2.7627, -1.7672, -2.2595, -3.0160, -3.0633, -3.4539, -2.9544, -2.5301,
-2.1618, -2.4791, -3.4218, -2.9441, -3.2901, -3.2454, -1.8136, -3.4001,
-3.4294, -2.8043, -3.4539, -3.4373, -3.4539, -3.4539, -3.4539, -2.6881,
-3.4539, -3.4539, -3.3739, -2.1676, -2.6845, -3.3618, -3.4539, -3.4539,
-3.4373, -2.4978, -3.0001, -3.1690, -2.8201, -2.8413, -3.4539, -3.4539,
-2.9269, -3.2107, -3.4373, -3.3867, -3.0297, -3.2043, -3.4539, -2.9311,
-2.6733, -3.4539, -2.4610, -2.3305, -3.3559, -3.4143, -3.4539, -3.4539,
-2.6992, -2.7501, -2.8377, -3.4539, -2.5433, -3.4539, -2.4253, -3.4539,
-3.3038, -2.7435, -3.2206, -3.2607, -2.7547, -2.9311, -3.3739, -2.9638,
-2.7671, -2.8428, -3.4455, -2.5857, -1.6123, -2.2782, -3.3867, -2.5685,
-3.4539, -3.2454, -3.4218, -3.4373, -3.4373, -3.3802, -3.1636, -2.2330,
-3.3802, -2.8221, -3.4539, -3.2206, -2.1240, -3.4539, -2.7073, -3.1802,
-3.3867, -2.0285, -3.4143, -3.4071, -2.9687, -3.4143, -3.4539, -2.5417,
-3.3802, -3.0361, -3.4539, -3.1000, -2.5113, -3.4539, -2.2683, -2.1444,
-3.4539, -2.3990, -3.0086, -3.4539, -3.4539, -2.7937, -2.9354, -3.2607,
-2.6304, -3.3559, -2.5113, -2.6223, -2.3469, -3.4071, -2.5960, -3.1746,
-2.9602, -3.2857, -3.4539, -3.1531, -3.2529, -2.9737, -3.4539, -2.3419,
-3.3867, -3.0633, -2.9532, -2.6126, -3.2491, -3.4294, -2.7777, -3.0562,
-3.4455, -3.2814, -3.2688, -3.3446, -3.2309, -3.0510, -2.8256, -2.8399,
-3.0918, -2.9602, -3.4539, -3.4218, -3.3285, -2.4938, -2.5083, -3.1981,
-3.4373, -2.0192, -2.7913, -2.4817, -1.8431, -3.2345, -3.4539, -2.7806,
-2.8436, -3.3739, -3.4539, -3.4539, -2.5428, -3.4539, -2.9021, -3.4539,
-3.0116, -1.8418, -3.4539, -3.3802, -2.7280, -3.4539, -2.7859, -3.4539,
-3.4539, -2.8094, -3.0580, -3.3134, -3.2140, -3.4539, -3.3183, -2.8527,
-3.4539, -3.4539, -3.2857, -2.9555, -3.0800, -3.1860, -2.7783, -2.7017,
-2.9737, -3.4539, -3.3134, -3.4539, -3.4539, -3.2454, -3.3867, -3.4143,
-3.2771, -3.0190, -2.7632, -2.7261, -3.1950, -2.2288, -3.4539, -2.3371,
-3.4455, -2.7460, -3.1357, -3.1860, -3.1774, -3.3739, -3.4218, -3.4294,
-3.4373, -2.9749, -2.7516, -3.4539, -3.4539, -1.9966, -3.2012, -3.3391,
-2.5410, -3.4539, -2.1703, -3.4539, -3.4539, -3.3559, -3.3502, -3.0476,
-3.4539, -2.2122, -3.4539, -3.4539, -1.7627, -1.4703, -3.4455, -3.4539,
-2.7660, -3.4539, -3.1609, -3.2729, -2.7622, -2.8312, -2.0303, -3.4539,
-3.2309, -1.9175, -3.4539, -2.1612, -3.1309, -2.4765, -3.1890, -3.4539,
-3.4539, -3.4539, -2.5435, -2.7563, -3.1128, -2.4988, -3.4455, -2.1366,
-3.4539, -3.4539, -3.3618, -2.6307, -3.3559, -3.4539, -2.4958, -1.7761,
-3.4455, -3.1920, -2.1897, -2.5480, -3.3038, -2.6971, -3.4539, -3.4143,
-2.3498, -2.8728, -3.1746, -3.4539, -1.7150, -3.4539, -3.3038, -2.1221,
-2.7064, -3.4539, -3.3559, -2.6402, -3.4001, -2.7134, -3.4539, -2.3488,
-2.8194, -3.4539, -3.4539, -2.1358, -2.1783, -2.4691, -3.4539, -2.8428,
-3.4539, -3.1718, -2.7806, -1.4859, -3.2345, -3.4539, -2.6402, -2.9892,
-1.6080, -1.5150, -3.4539, -2.2760, -1.0282, -3.4539, -3.3391, -2.5314,
-2.4768, -3.4539, -3.0878, -3.4539, -1.8714, -3.0706, -3.4539, -3.0443,
-3.4539, -2.5448, -2.4643, -3.0918, -2.9452, -3.4539, -2.8005, -3.1802,
-2.2884, -3.3038, -3.2240, -2.9031, -3.0282, -3.1333, -3.1690, -3.4539,
-3.4539, -2.6499, -2.0310, -2.6455, -3.4539, -3.3038, -3.3134, -3.2140,
-3.4539, -1.6841, -3.4539, -2.3281, -2.0186, -3.4539, -3.1150, -3.4539,
-1.9444, -3.2529, -3.0029, -3.1831, -2.6841, -3.4071, -3.0819, -3.2417,
-3.0781, -3.1583, -2.9059, -2.5781, -1.6842, -3.4539, -3.4001, -3.4539,
-3.3867, -2.9187, -3.0687, -2.3040, -2.8291, -2.4161, -3.0898, -3.4539,
-1.9637, -3.0361, -3.4539, -3.4539, -3.4539, -3.4539, -3.4539, -3.2345,
-2.9879, -3.3086, -3.2043, -3.1663, -2.8369, -3.4539, -3.3391, -2.7654,
-2.2164, -3.4539, -2.1596, -2.9040, -3.4539, -2.2123, -2.9614, -2.9826,
-3.3559, -3.4539, -3.3502, -3.2012, -3.4539, -2.8813, -2.8848, -3.4539,
-3.2240, -3.4539, -3.4539, -2.4480, -3.3502, -3.0086, -3.4539, -3.1718,
-3.4539, -2.5648, -3.4218, -2.8911, -2.4282, -2.8101, -3.4539, -1.7237,
-3.3802, -2.6311, -3.3559, -3.3285, -3.4539, -2.3955, -1.8813, -2.5543,
-3.1802, -3.4539, -3.4539, -2.2462, -2.4478, -3.3802, -2.8108, -1.8626,
-3.4539, -3.4539, -3.3502, -3.4539, -2.7521, -2.4984, -3.4539, -3.4539,
-2.8550, -3.4539, -3.4539, -1.4965, -2.9157, -2.3372, -3.4455, -3.1890,
-3.3134, -3.0282, -2.5197, -2.7595, -3.1609, -2.7038, -3.4539, -2.3064,
-3.2381, -3.4539, -3.1583, -2.3400, -2.4239, -3.4539, -2.7280, -3.0580,
-3.3285, -2.5791, -2.9167, -2.1087, -2.5602, -3.4455, -2.6153, -2.5377,
-3.4455, -3.4001, -2.5270, -2.4292, -2.2456, -3.4539, -2.1877, -3.4455,
-3.2173, -2.8678, -2.6946, -2.9321, -1.5785, -3.4455, -3.1774, -3.4539,
-1.9372, -2.9375, -3.1831, -2.8481, -2.8362, -3.3559, -3.4455, -3.2240,
-3.4539, -3.3559, -2.9567, -2.6670, -3.2454, -3.2240, -2.4997, -3.1981,
-3.2274, -1.6283, -3.2946, -2.6088, -3.4373, -3.2729, -3.4539, -3.2345,
-2.6270, -3.4539, -2.4787, -3.4539, -3.1718, -3.2012, -3.2491, -3.4539,
-3.1860, -3.3285, -3.3802, -3.4218, -3.4539, -2.8762, -2.9248, -3.2206,
-3.4539, -3.4539, -3.2206, -3.1309, -2.6365, -2.9946, -3.4539, -3.3086,
-3.3391, -3.0190, -3.4455, -3.4539, -3.4218, -3.2529, -3.4539, -3.3559,
-3.4455, -3.4539, -3.3337, -3.0562, -3.4001, -3.4539, -2.4925, -3.2173,
-3.4539, -3.4539, -2.3477, -3.4539, -3.1128, -3.4539, -1.6454, -3.4539,
-1.8629, -3.4539, -2.4261, -3.2309, -3.4539, -2.5395, -3.4455, -3.0562,
-1.8174, -3.4539, -3.4455, -1.7834, -2.8762, -2.8488, -3.4455, -3.4539,
-2.5963, -3.0393, -1.8763, -3.3502, -3.3134, -2.9088, -3.3739, -2.6301,
-2.4159, -3.1333, -3.1860, -2.5049, -2.8550, -2.2755, -3.4539, -3.4539,
-2.7299, -3.4539, -3.4373, -2.0599, -2.7233, -3.2992, -2.9724, -2.2840,
-3.4373, -2.4155, -2.8242, -2.0764, -2.8298, -1.7945, -3.4539, -2.6492,
-3.4539, -3.4539, -2.8291, -2.0710, -3.3183, -2.3216, -2.7511, -3.3038,
-3.4539, -3.0819, -3.3867, -2.5660, -1.8501, -2.6304, -2.5773, -3.2454,
-3.2529, -2.5927, -3.3502, -3.4143, -1.9587, -2.1964, -3.4539, -3.4539,
-2.6783, -3.4539, -2.5129, -3.4539, -3.1774, -3.2814, -3.3337, -3.4218,
-2.4800, -3.1172, -3.4539, -3.4294, -3.4539, -2.8333, -3.4539, -3.4539,
-2.2711, -1.8770, -2.7600, -2.9127, -2.7327, -2.9354, -3.4539, -2.9021,
-3.3183, -3.0015, -3.4455, -2.5147, -2.1810, -2.6141, -3.4294, -2.8637,
-3.4539, -3.0979, -2.5448, -2.3599, -3.4539, -2.4649, -2.8597, -3.4373,
-3.2688, -2.5125, -3.4539, -2.9258, -3.4539, -2.7285, -3.4539, -2.1100,
-2.6123, -2.7605, -2.8194, -3.0959, -3.2814, -2.4586, -2.5916, -3.4539,
-2.5758, -3.4539, -2.3903, -3.4539, -3.4539, -2.0628, -3.2206, -3.0615,
-2.8805, -3.4539, -3.4373, -2.5873, -2.9040, -3.4539, -3.4455, -3.2647,
-3.4539, -2.6537, -2.8558, -2.6663, -3.2309, -2.0684, -3.4539, -3.3867,
-2.8270, -3.4373, -2.2314, -2.6692, -3.4539, -3.1217, -3.4373, -3.3618,
-3.4539, -3.4539, -3.1950, -3.0443, -3.2417, -3.1217, -3.4539, -2.2698,
-2.7361, -3.1240, -3.4539, -3.0938, -3.3134, -2.6795, -3.2140, -3.4143,
-2.8256, -3.2345, -2.3769, -2.3803, -2.3264, -2.6934, -2.2044, -2.3613,
-3.4539, -2.4219, -2.0355, -3.1505, -2.8466, -3.4539, -2.7777, -3.3618,
-3.4539, -2.2218, -2.8056, -3.4539, -2.7806, -3.3446, -2.5735, -3.2647,
-2.8436, -3.1636, -3.3446, -3.0145, -3.4539, -3.3337, -3.4539, -3.2240,
-3.3391, -2.8993, -3.4539, -3.4539, -1.8747, -3.4294, -2.1900, -3.0979,
-2.4517, -3.2140, -2.5702, -3.2075, -3.4539, -3.1063, -3.4539, -3.4539,
-2.9147, -1.8205, -2.8542, -3.4455, -3.4001, -2.5927, -3.4539, -3.4539,
-3.1381, -2.9127, -3.3867, -3.4539, -1.9266, -3.2992, -2.1233, -3.3285,
-3.3038, -2.0736, -3.4539, -3.3933, -3.4539, -2.9397, -2.9279, -1.9068,
-3.4539, -2.7238, -2.7611, -2.9892, -2.9567, -2.9839, -3.3183, -3.4455,
-2.5949, -2.4865, -3.4539, -3.4373, -3.4539, -3.4539, -2.7743, -3.2771,
-2.9638, -1.9103, -2.2712, -3.4455, -2.8535, -3.4539, -3.4455, -3.3867,
-1.8966, -3.3933, -3.4455, -3.4539, -3.4455, -2.7894, -3.1663, -1.8545,
-3.4539, -2.9839, -2.7183, -2.3057, -3.0597, -3.3086, -2.9228, -3.4294,
-2.9892, -3.3337, -3.4539, -2.2418, -3.3678, -2.7090, -3.1831, -3.4455,
-3.4539, -2.6881, -2.5884, -2.4174, -3.4373, -3.2814, -3.4539, -3.4373,
-1.2972, -3.4294, -2.1259, -3.4539, -3.4539, -1.5873, -2.1187, -1.6032,
-3.3502, -3.4539, -3.3678, -3.4539, -3.1217, -3.2043, -2.9375, -3.4539,
-3.4218, -3.4373, -3.0687, -2.8221, -3.0597, -3.4539, -2.0045, -2.4445,
-1.8584, -2.1601, -2.2582, -1.8973, -2.9879, -2.5554, -2.3781, -3.4539,
-3.3678, -3.4539, -3.0443, -2.9386, -3.0762, -3.0615, -3.4294, -3.4539,
-2.0927, -2.7649, -3.4539, -2.7034, -3.1890, -2.5895, -3.3391, -3.4455,
-2.9228, -2.3621, -3.0476, -3.4539, -3.3134, -2.0334, -3.4539, -3.4539,
-3.4539, -2.5680, -3.4001, -2.6475, -2.5338, -3.3739, -3.0426, -3.4539,
-2.1658, -2.5433, -3.1430, -3.4539, -3.3739, -3.0361, -3.3802, -2.7068,
-3.4455, -3.4539, -2.2941, -3.4539, -3.4373, -3.3867, -3.4539, -2.4581,
-3.0819, -3.4539, -2.5167, -2.4150, -3.4001, -3.4539, -2.5529, -2.5949,
-3.4539, -2.1934, -3.4294, -3.3446, -2.9567, -2.1901, -2.8805, -2.6346,
-3.4539, -3.4539, -3.1831, -2.7925, -2.8993, -2.5089, -3.2814, -2.5784,
-2.7611, -3.4539, -2.1755, -3.4539, -1.8660, -2.1273, -2.9567, -3.2274,
-3.1128, -3.3618, -2.2319, -3.4294, -1.9988, -3.4539, -2.3563, -2.6223,
-2.5261, -3.4539, -2.8779, -3.4539, -2.9108, -2.8511, -3.4539, -2.0949,
-3.2857, -3.3502, -2.3263, -3.3933, -2.7622, -3.2075, -3.2946, -3.4539,
-2.4001, -2.9147, -3.4143, -3.2309, -2.2790, -2.6202, -3.4539, -2.9127,
-3.4539, -3.4455, -3.4539, -3.0205, -2.7829, -2.2034, -3.2901, -3.4539,
-3.2814, -2.5619, -2.6608, -3.4455, -3.4001, -3.4539, -2.2666, -2.7342,
-3.4539, -3.4539, -2.5485, -3.4539, -3.4455, -3.4539, -2.8728, -3.4539,
-3.4539, -3.2491, -3.4143, -3.3678, -3.4539, -2.5730, -2.5776, -3.4539,
-1.7290, -3.3285, -3.4539, -3.4455, -1.8225, -3.4539, -2.9452, -1.5755,
-2.6205, -3.1084, -3.1430, -1.9170, -1.4960, -3.4294, -3.4539, -3.2140,
-1.9917, -3.2345, -2.0842, -3.4539, -3.3234, -3.1920, -3.4539, -3.3234,
-3.4218, -3.0597, -2.7147, -2.6153, -2.8670, -2.8391, -3.4539, -3.4539,
-3.1505, -2.4045, -2.5846, -2.9217, -3.1381, -2.7395, -3.2240, -3.0160,
-3.1333, -2.2654, -2.7322, -3.1531, -3.1333, -2.9354, -3.4373, -3.4539,
-3.2140, -3.1831, -2.7919, -3.4539, -2.5446, -1.7058, -2.9813, -3.4539,
-3.3933, -3.3739, -3.2345, -3.2107, -2.6202, -3.3678, -2.6059, -3.4539,
-1.4079, -2.8458, -2.1829, -2.8134, -2.6359, -3.0979, -2.7859, -2.7445,
-3.4373, -2.9207, -2.0540, -3.4294, -3.4373, -1.9854, -3.3038, -1.9803,
-1.7234, -3.4539, -2.5462, -2.2829, -3.2901, -2.7622, -2.9430, -2.9117,
-3.4539, -3.2771, -3.4218, -3.4539, -3.2946, -3.3739, -2.5985, -2.7986,
-2.9108, -3.0800, -2.2578, -3.4539, -2.7356, -1.7105, -2.5658, -2.4589,
-3.1263, -3.0651, -2.8011, -2.7017, -3.4071, -3.4539, -2.7526, -2.7847,
-3.2381, -3.4539, -3.4539, -2.7611, -2.7943, -3.0476, -3.4373, -2.4919,
-3.4539, -2.1409, -3.4539, -3.4539, -3.4539, -2.7907, -3.3234, -3.4539,
-2.7949, -3.4539, -2.5462, -3.1217, -2.7440, -3.4539, -3.4373, -3.0938,
-1.7583, -2.6320, -1.6054, -3.4373, -3.3183, -2.3842, -2.4851, -3.4539,
-2.6587, -3.2381, -3.4539, -3.4539, -3.4143, -3.4143, -2.8695, -3.2688,
-3.4373, -2.4203, -3.4539, -2.6626, -3.2901, -2.5492, -2.2755, -3.0145,
-3.0781, -3.4455, -3.4539, -2.8745, -3.3933, -3.2240, -2.4144, -3.4539,
-2.4573, -2.3797, -3.2568, -2.1805, -3.1240, -3.4539, -3.3933, -3.4539,
-3.1150, -2.0492, -2.2181, -2.7327, -3.0072, -3.0044, -3.4539, -3.3446,
-2.3077, -2.1307, -3.4455, -3.4001, -2.2158, -3.4539, -1.6974, -3.2309,
-2.2550, -3.0615, -2.9269, -3.3678, -2.2857, -3.2688, -1.9946, -3.4539,
-3.4539, -3.4539, -3.4001, -3.3618, -3.0938, -3.4373, -2.3769, -3.4539,
-3.4373, -3.4539, -3.1890, -2.6865, -2.8181, -3.4218, -3.2771, -2.7247,
-2.6435, -2.2212, -3.3183, -3.2946, -3.0743, -3.2075, -3.4539, -3.4539,
-2.6791, -3.4143, -2.6162, -3.0001, -3.3086, -3.0220, -3.4539, -3.4218,
-2.8018, -3.3446, -3.4539, -2.1059, -3.3559, -3.4539, -3.2107, -3.2043,
-3.4539, -3.4539, -3.4071, -3.4539, -2.2236, -3.2206, -3.1381, -2.8753,
-2.6285, -2.9712, -2.6288, -2.4630, -3.2206, -2.6877, -3.4071, -3.4218,
-2.6349, -3.4539, -1.6752, -3.4539, -3.4143, -3.3618, -2.5026, -2.5270,
-1.5207, -3.1950, -3.4539, -3.4539, -3.4539, -2.8075, -2.5419, -3.1663,
-3.4539, -2.5308, -3.3618, -3.3446, -2.8451, -3.3559, -3.3739, -3.0669,
-3.1690, -3.0251, -3.4539, -2.0847, -2.7574, -3.2381, -3.4539, -2.7266,
-2.4331, -3.2043, -2.5187, -3.4218, -1.9441, -2.3024, -2.1427, -3.3391,
-2.7390, -2.2639, -3.4539, -2.5878, -2.3887, -3.4373, -2.3558, -3.4539,
-2.7649, -3.4539, -2.2396, -3.0086, -3.4539, -3.0959, -2.7743, -2.2826,
-2.8770, -3.4539, -3.1690, -3.4539, -1.9286, -3.4539, -2.3946, -3.4539,
-3.4001, -3.2647, -3.4539, -3.0493, -2.5131, -3.1042, -3.3933, -3.4373,
-2.6183, -2.8770, -3.1531, -2.9892, -3.4455, -3.4539, -3.3739, -3.4539,
-3.4001, -2.4886, -3.0205, -2.4578, -3.4001, -3.4539, -2.3362, -2.2622,
-2.5081, -2.9687, -3.3933, -2.1532, -2.3384, -3.1128, -3.4539, -3.3502,
-2.8377, -3.4071, -3.4001, -3.3678, -2.7589, -3.4539, -2.3263, -3.0669,
-3.4539, -3.4539, -3.4539, -3.2075, -2.8249, -2.2719, -1.9165, -1.7941,
-3.2309, -2.8114, -3.4539, -3.1774, -3.4539, -3.0938, -2.9919, -3.1583,
-2.5515, -2.9127, -2.7475, -2.7156, -3.3038, -2.3388, -2.2313, -3.3739,
-2.4413, -2.7547, -3.2107, -2.3798, -2.2693, -3.4539, -3.3678, -3.4294,
-3.4539, -3.4539, -2.0895, -1.9740, -2.3579, -3.2491, -3.3618, -3.4071,
-3.3337, -2.4691, -2.0122, -2.4047, -2.8037, -1.5620, -3.2946, -3.4455,
-2.9974, -3.4294, -3.4539, -2.9591, -3.4071, -3.4294, -3.4539, -3.2946,
-3.4294, -3.4539, -3.4539, -3.3618, -2.2528, -3.4539, -2.6048, -3.4455,
-2.7025, -3.2814, -2.3158, -2.4233, -2.3999, -3.0377, -2.5980, -2.8208,
-2.3182, -2.5480, -2.7611, -3.4539, -3.4539, -2.9397, -3.4539, -3.2688,
-2.8646, -3.4373, -2.3655, -3.4539, -3.4373, -2.7754, -2.7060, -3.4373,
-3.4539, -3.4539, -1.8353, -3.4539, -3.1194, -2.6022, -2.7390, -3.1240,
-3.1430, -2.7361, -3.4539, -3.1609, -2.3929, -3.4539, -3.3134, -3.4539,
-2.2771, -3.4539, -3.2417, -3.4539, -3.4539, -3.3739, -1.9754, -2.4872,
-3.4539, -2.4706, -2.1225, -3.2173, -3.3739, -3.4001, -2.6458, -2.6641,
-3.4071, -2.7233, -2.7210, -3.4539, -1.8067, -3.2607, -3.4539, -2.8399,
-2.8975, -3.4539, -2.7206, -2.4793, -3.4218, -3.0426, -2.5638, -1.9763,
-3.4539, -2.1637, -3.0878, -2.7709, -3.3391, -3.4539, -3.4218, -2.4928,
-3.3559, -2.5249, -3.4539, -2.0774, -2.8291, -3.1663, -3.4539, -3.4071,
-2.7415, -2.4867, -2.0427, -3.4071, -2.8298, -2.0822, -2.8893, -2.9960,
-3.4539, -2.7400, -3.1505, -3.2075, -2.8391, -3.4539, -3.4455, -3.1217,
-3.1531, -3.1357, -2.9021, -2.7937, -3.4539, -3.1063, -3.4539, -3.1042,
-2.8355, -2.9031, -3.3867, -3.1860, -2.9602, -2.3426, -2.3443, -3.4539,
-2.8312, -1.9381, -3.4539, -3.4539, -3.1000, -3.4539, -2.9207, -2.2244,
-3.1950, -3.4539, -3.4539, -3.4001, -1.9345, -2.7351, -3.4539, -2.8101,
-3.4539, -2.4770, -3.4539, -2.5750, -2.5658, -3.3038, -3.4539, -2.7501,
-3.4071, -2.8140, -2.4055, -3.4373, -3.3933, -3.4218, -2.7009, -3.2529,
-3.4539, -2.9866, -2.0022, -3.1831, -2.1888, -3.4373, -3.4373, -1.8839,
-1.9549, -2.3423, -2.3450, -2.8686, -2.6165, -2.1567, -3.4539, -3.2688,
-1.8137, -2.8884, -2.6749, -2.7450, -2.7986, -3.4539, -3.2568, -2.0637,
-2.3495, -3.4539, -3.4539, -3.0724, -2.9614, -2.0656, -3.4539, -2.7501,
-2.6304, -3.4539, -3.4539, -3.4539, -2.1997, -2.6520, -3.0938, -3.3337,
-2.6106, -3.4455, -3.2381, -2.1288, -1.8587, -2.9187, -2.2219, -3.1240,
-2.4031, -3.4001, -2.7558, -3.2688, -2.4765, -3.4539, -3.4539, -2.2159,
-3.4539, -1.7303, -3.4539, -3.3802, -2.9919, -3.1480, -3.1128, -2.5779,
-3.3739, -3.3678, -2.3979, -3.4373, -3.4143, -3.4539, -2.1141, -3.0410,
-2.5257, -2.4594, -2.3683, -3.1084, -2.8720, -2.4131, -3.4373, -2.6881,
-2.2545, -3.4071, -2.5607, -3.4373, -2.9279, -2.8413, -2.2697, -3.4539,
-3.4001, -3.2857, -3.3183, -3.3446, -3.4143, -3.0597, -2.2750, -2.6967,
-3.4539, -3.3739, -3.3086, -2.2230, -2.0745, -3.3038, -3.4373, -2.1303,
-3.1636, -3.4539, -3.1042, -1.3162, -2.0946, -2.5426, -3.3678, -2.9238,
-3.4539, -2.5499, -3.4539, -3.4539, -2.8866, -2.3180, -2.8920, -3.4294,
-3.4539, -3.0361, -3.4539, -3.4373, -3.4539, -3.4539, -3.3802, -3.0001,
-3.2901, -2.1637, -3.1106, -3.4143, -3.4539, -2.8753, -2.3455, -3.3802,
-3.4539, -3.2274, -2.5994, -3.4539, -3.4539, -3.4539, -3.4539, -3.4539,
-2.3440, -2.3275, -2.1551, -2.5448, -2.8256, -2.6330, -2.1796, -3.3234,
-3.1240, -2.5386, -3.4455, -2.5812, -3.2607, -3.4539, -3.4539, -3.2729,
-3.3502, -2.7913, -2.7584, -3.4539, -3.4455, -3.1150, -2.6641, -3.1636,
-3.4539, -3.0015, -3.2607, -3.4539, -3.4539, -3.4539, -3.3038, -2.9775,
-2.0847, -3.1505, -3.3337, -3.4539, -3.4539, -3.0297, -3.2140, -2.8938,
-3.4373, -3.4539, -3.4539, -3.4539, -2.9311, -3.4001, -3.4071, -3.4539,
-2.1583, -3.3739, -1.7722, -3.1357, -3.4539, -3.4539, -3.4539, -1.8292,
-2.3126, -2.7470, -3.4539, -3.3867, -2.9197, -3.0762, -2.6392, -2.9987,
-3.1263, -3.2206, -3.2043, -3.4539, -2.7789, -3.0029, -3.1505, -2.6082,
-3.2417, -2.4762, -1.7203, -3.4539, -3.4539, -2.6082, -3.4539, -3.1150,
-3.0029, -3.1690, -3.2140, -3.4539, -3.0979, -2.9279, -2.7847, -3.4539,
-3.4143, -3.1021, -2.9879, -2.8037, -3.2529, -1.5312, -3.3134, -3.0687,
-3.4539, -2.4056, -3.2075, -3.3559, -3.3134, -3.4143, -2.3453, -3.1194,
-3.4539, -3.1531, -3.4539, -2.7013, -2.1467, -3.2206, -2.2905, -3.2173,
-3.2140, -2.7877, -2.8762, -3.0687, -3.4539, -3.3337, -2.8875, -2.2357,
-3.4218, -3.4539, -3.1000, -3.4455, -3.2814, -2.5919, -2.9248, -1.5303,
-3.4539, -2.8154, -2.3224, -2.2619, -2.1902, -3.4539, -3.2688, -3.4539,
-3.4539, -2.4085, -3.1000, -3.2417, -2.9699, -2.1065, -3.4539, -3.4539,
-2.7192, -3.3502, -3.4539, -3.4373, -2.6814, -2.3990, -2.3808, -2.1951,
-3.0175, -2.0122, -3.0706, -2.7698, -2.6718, -3.3933, -2.3794, -2.9749,
-2.9258, -3.3559, -2.1619, -2.5334, -3.4539, -2.7698, -2.7563, -2.6257,
-3.4455, -3.4539, -2.9228, -3.4218, -3.3559, -2.8319, -3.4539, -3.3867,
-3.4071, -2.1478, -1.8198, -3.0510, -3.4539, -2.6008, -3.4455, -2.4314,
-3.2140, -3.4001, -3.0282, -3.2043, -3.3618, -2.6548, -3.4373, -3.4539,
-2.1215, -3.4539, -3.1505, -3.4539, -3.2417, -2.7351, -3.4539, -3.2309,
-2.5072, -3.4373, -3.1263, -3.1920, -3.4539, -3.4373, -3.0072, -3.4539,
-3.4539, -3.4539, -3.3285, -2.9946, -3.4539, -3.3867, -3.4539, -3.4143,
-2.9933, -3.4539, -3.4539, -2.6975, -2.8589, -3.3446, -3.4539, -3.1106,
-2.6996, -3.4539, -2.7179, -3.4071, -3.4539, -3.4455, -3.4539, -3.4455,
-3.0015, -2.4161, -3.2607, -2.7823, -2.4779, -2.8458, -3.1381, -2.7749,
-2.2534, -3.3285, -3.4539, -3.4539, -3.4539, -2.9839, -3.0160, -2.6838,
-2.1883, -3.4455, -3.4539, -3.4539, -3.4539, -1.3535, -3.3446, -2.7925,
-3.4373, -3.2771, -3.3234, -3.4001, -3.4539, -2.6418, -2.3459, -3.2206,
-2.9724, -2.6205, -3.3391, -2.8993, -2.8458, -2.9290, -2.4978, -3.4539,
-3.4539, -3.4539, -3.4539, -3.2857, -2.7943, -3.0633, -3.3285, -3.2417,
-2.9650, -3.0527, -2.6435, -3.4143, -2.9498, -3.3337, -2.5113, -3.0377,
-3.4539, -3.1746, -2.5636, -3.4539, -3.4539, -3.4455, -2.7385, -2.4626,
-2.9157, -2.4584, -2.9321, -3.4294, -3.4539, -3.3337, -2.6205, -3.3502,
-3.4539, -3.1128, -3.4539, -2.7303, -3.4539, -3.3446, -1.6578, -3.4539,
-3.2274, -3.3802, -2.6030, -3.1063, -2.1481, -3.4539, -3.4455, -3.4539,
-1.1394, -3.4539, -2.7882, -3.2381, -3.4539, -3.4539, -3.4294, -2.4372,
-3.2075, -3.0979, -3.4143, -2.7420, -3.4539, -2.9663, -2.6379, -2.3729,
-2.3551, -3.2647, -3.3739, -3.4539, -2.3736, -2.8340, -3.0580, -3.2647,
-3.0029, -3.1405, -3.3337, -2.8451, -2.7732, -2.0249, -3.1860, -3.4001,
-3.4539, -3.4539, -3.4539, -3.3446, -3.2857, -2.7506, -3.4539, -3.0282,
-3.4455, -2.0569, -3.4373, -1.8934, -2.2504, -3.4539, -3.4294, -1.6333,
-3.4455, -3.2274, -2.2950, -2.5771, -3.0597, -3.2688, -3.4539, -2.1107,
-1.9037, -2.6764, -2.2374, -2.3941, -3.0545, -3.4539, -3.4539, -3.4539,
-3.3867, -3.4143, -3.1583, -3.1194, -3.4539, -3.4539, -3.4539, -3.4539,
-3.4373, -3.2688, -3.3739, -2.1055, -3.2206, -3.0116, -3.4539, -3.3086,
-3.3739, -2.5966, -3.4218, -3.4539, -3.4001, -2.9946, -3.0959, -3.4539,
-2.9906, -3.0527, -2.6320, -3.3038, -3.3678, -2.1875, -2.6388, -3.4539,
-3.4539, -2.0904, -3.3618, -3.4539, -3.1802, -3.3933, -2.2537, -3.4539,
-3.4539, -3.4539, -2.4569, -3.4218, -3.4373, -2.6711, -2.2772, -2.7789,
-2.5710, -2.4329, -3.4539, -2.4531, -3.2771, -2.3447, -2.1034, -1.8009,
-2.0281, -3.4539, -3.4455, -2.2205, -3.1263, -2.5852, -3.4539, -2.5368,
-3.2173, -3.1430, -3.4218, -3.2309, -3.4455, -3.2345, -3.4218, -2.5515,
-3.3337, -2.2579, -2.7841, -3.4539, -3.4001, -3.4539, -3.4539, -2.9441,
-3.0819, -2.2925, -3.4143, -3.0175, -3.3234, -2.5512, -2.9031, -3.4539,
-3.4539, -2.4905, -2.6950, -2.7376, -3.4539, -3.4455, -2.3869, -3.4294,
-3.4539, -2.1201, -2.9762, -2.7134, -3.2140, -3.4455, -3.4539, -3.4218,
-2.7280, -2.8305, -3.1309, -2.9475, -3.2454, -3.4539, -3.3086, -3.4218,
-3.2345, -3.3933, -3.0687, -3.1557, -2.6594, -3.4455, -3.4539, -2.6971,
-3.4539, -3.4539, -2.3770, -2.6445, -3.4539, -3.2814, -3.1890, -3.1194,
-3.2857, -3.3391, -3.1309, -3.4539, -3.4539, -2.8312, -2.6314, -2.1894,
-2.6141, -3.4539, -2.1865, -2.1498, -2.3178, -2.7342, -3.4539, -2.1372,
-3.4539, -2.9343, -2.1889, -3.1172, -2.9960, -2.0851, -3.0743, -3.2647,
-3.0706, -3.4539, -3.4539, -3.4539, -3.4218, -3.4539, -2.5680, -3.4539,
-3.4539, -3.3933, -2.0970, -3.0476, -3.2946, -3.4539, -3.3086, -3.0878,
-3.4539, -3.2417, -2.8753, -3.0878, -3.2454, -3.4539, -2.5508, -3.4539,
-2.1959, -3.2491, -3.4539, -3.0687, -3.2454, -3.1128, -3.4001, -2.6112,
-2.9724, -2.2671, -3.3739, -3.3502, -3.2607, -2.7038, -3.4539, -3.3446,
-3.1021, -2.3914, -3.0979, -3.2491, -2.7233, -3.0781, -3.4539, -3.1774,
-2.9069, -3.4539, -2.9343, -3.4539, -3.1106, -3.4294, -3.4373, -3.2454,
-3.3337, -3.4539, -3.0145, -2.6279, -2.4236, -3.2240, -3.4539, -3.4218,
-3.4373, -3.0145, -3.4539, -2.9852, -3.1718, -1.9894, -3.3559, -3.4539,
-2.3540, -3.2688, -2.5963, -3.3038, -3.4539, -3.4143, -3.4455, -3.0858,
-3.3933, -3.3933, -3.4539, -3.1381, -2.2605, -3.0938, -2.5612, -3.4539,
-3.3618, -2.8947, -2.6674, -3.4218, -2.9762, -3.4539, -2.4679, -2.2304,
-2.9397, -3.1950, -3.4539, -3.4539, -3.4294, -2.3791, -2.8984, -3.0800,
-2.8542, -2.9919, -3.4539, -3.2647, -3.0669, -3.2607, -2.6791, -3.3739,
-3.3678, -2.5844, -3.4539, -2.2383, -3.4539, -2.9544, -3.4455, -3.4539,
-2.8822, -2.9238, -2.6608, -3.0175, -2.9933, -2.3883, -3.2173, -3.4539,
-3.3337, -2.3862, -3.3739, -3.2381, -2.5155, -3.4539, -2.6048, -2.3402,
-3.4539, -1.8633, -3.4539, -3.0615, -3.0762, -1.5660, -3.1774, -2.2768,
-3.4455, -3.4539, -2.8242, -2.4173, -1.9490, -3.4539, -2.5099, -2.0373,
-2.5914, -3.2814, -2.0996, -2.1986, -2.6992, -3.4539, -2.8621, -2.6045,
-3.4539, -2.5245, -2.6877, -3.3933, -3.0130, -3.3933, -2.2089, -3.3802,
-3.4539, -3.4539, -2.1523, -2.6810, -2.5911, -3.4539, -3.4539, -3.0615,
-2.1704, -2.9269, -2.9555, -2.9248, -2.8893, -3.4539, -2.9217, -3.2688,
-2.6016, -3.4539, -2.2684, -3.3933, -2.7013, -2.9311, -3.4539, -3.3559,
-3.2240, -3.4539, -3.3086, -3.4539, -3.4539, -3.4539, -3.4539, -2.4774,
-2.7558, -3.4143, -3.4539, -3.4539, -2.8094, -3.3618, -2.6452, -2.7496,
-1.3115, -2.7342, -3.4455, -2.8214, -2.4835, -3.3933, -3.4539, -1.4696,
-3.3867, -2.8005, -2.9108, -2.7496, -3.2491, -3.3739, -2.7818, -3.4539,
-2.0469, -1.9706, -3.3802, -2.1482, -3.0072, -3.2240, -2.9933, -3.4001,
-2.9879, -2.8711, -1.2970, -3.4539, -3.3802, -1.9935, -3.4539, -3.3446,
-2.7270, -3.2417, -3.0329, -3.4539, -2.6648, -3.4539, -2.8160, -3.4539,
-3.4455, -3.1128, -2.7034, -3.4539, -2.4956, -3.4539, -3.4294, -2.6452,
-2.2723, -3.1217, -3.2206, -2.8326, -3.4001, -3.4539, -3.3933, -3.4539,
-3.4539, -2.4978, -3.4373, -3.2140, -3.4455, -3.4218, -2.3473, -3.3446,
-3.4539, -3.1981, -2.2215, -3.2012, -3.3802, -2.3273, -3.4539, -2.6909,
-3.1021, -3.4539, -2.8805, -2.7420, -2.9699, -2.4814, -3.0858, -2.8340,
-3.3446, -3.4539, -3.4539, -3.4539, -3.0545, -3.3502, -1.7383, -3.2529,
-2.7490, -3.1172, -2.7611, -3.4539, -3.4539, -2.8542, -3.1557, -2.6385,
-3.3618, -3.4001, -3.4218, -2.6492, -2.7440, -3.4539, -3.1981, -3.4539,
-3.3867, -2.4327, -3.4373, -3.1405, -3.4539, -3.4143, -3.4539, -2.0319,
-3.4539, -3.4539, -3.2274, -3.4539, -3.4539, -2.5373, -3.3559, -3.3867,
-3.1950, -3.0459, -3.4539, -3.0633, -1.9908, -1.7852, -3.4539, -3.4539,
-3.4071, -3.2274, -3.3086, -3.4539, -2.8134, -2.8263, -3.4539, -1.9738,
-3.1663, -2.5515, -3.4539, -2.7099, -3.2012, -2.3853, -3.4539, -2.4712,
-2.9946, -3.0918, -3.4539, -3.2529, -2.4576, -3.4001, -2.8406, -3.4539,
-2.6853, -2.8646, -2.6707, -3.4539, -3.0493, -2.7366, -3.4539, -3.2206,
-2.4602, -3.4539, -3.4539, -2.7698, -2.5807, -3.4539, -3.2309, -3.3285,
-2.4254, -2.4223, -3.0220, -2.6452, -3.2381, -2.1623, -3.0858, -3.4539,
-3.0979, -2.6520, -2.6208, -2.7308, -3.1583, -2.3883, -3.1718, -2.7496,
-2.0617, -3.0426, -2.7999, -3.4539, -3.4539, -3.3933, -1.9740, -1.8239,
-3.4455, -2.5974, -2.5045, -3.3234, -2.6408, -3.4001, -1.4029, -3.3739,
-2.7390, -2.2056, -3.4539, -3.4539, -2.7865, -2.6779, -3.4539, -3.4539,
-3.1583, -2.1154, -3.3446, -2.8147, -2.0591, -1.9391, -3.4143, -3.4539,
-3.4539, -2.9059, -3.4539, -3.4539, -3.4539, -3.4539, -3.0393, -3.4539,
-3.4539, -2.8566, -3.3618, -2.2629, -3.4539, -2.3113, -3.2992, -1.6074,
-3.3038, -3.4539, -2.0959, -2.9826, -3.4539, -1.5170, -2.8875, -2.7366,
-3.0345, -3.4539, -2.6689, -3.4539, -2.7275, -3.2901, -3.4539, -3.4539,
-1.0883, -2.8637, -3.4539, -3.0527, -3.3391, -3.1860, -3.4539, -2.8929,
-2.7342, -3.3446, -3.2992, -1.7213, -3.0580, -3.4539, -3.4294, -3.1063,
-3.3867, -3.1021, -3.2309, -3.4071, -3.2012, -3.4539, -3.4539, -3.4539,
-2.2884, -1.9837, -2.9987, -3.4539, -3.4539, -3.3933, -3.4539, -2.6320,
-2.7907, -3.4539, -3.4539, -2.9321, -3.4455, -3.4218, -2.9031, -3.3502,
-2.8496, -3.4539, -3.4455, -3.4539, -3.4455, -3.4539, -1.7167, -2.9419,
-3.3559, -2.3906, -3.0724, -3.2417, -3.3867, -3.4539, -3.3678, -3.3285,
-2.7390, -2.3715, -3.4539, -2.7671, -2.9386, -3.2454, -3.3134, -3.4539,
-3.4143, -2.4033, -3.4539, -2.8101, -3.3285, -2.2572, -3.4539, -3.4539,
-2.4973, -3.4539, -3.4539, -2.4298, -3.2107, -2.6806, -2.5485, -3.3183,
-2.9800, -3.4373, -2.9675, -3.4455, -3.1455, -3.2607, -2.6100, -1.8431,
-3.4539, -3.3502, -3.2901, -2.6537, -3.2688, -2.4729, -3.1690, -3.4539,
-3.3285, -3.4001, -2.9866, -2.6524, -3.4539, -3.2901, -3.3134, -3.0669,
-3.2274, -2.9354, -2.7055, -3.1609, -3.0476, -2.0134, -2.2469, -3.4539,
-3.2309, -2.2145, -2.4082, -2.2075, -3.2946, -2.9290, -2.7400, -3.3802,
-2.4828, -3.4071, -3.3678, -3.4539, -2.4165, -2.5944, -3.4539, -3.4539,
-3.2012, -2.7516, -3.1950, -3.4294, -2.8024, -2.5410, -3.0762, -3.4539,
-3.4539, -2.5828, -2.7589, -3.3867, -3.3234, -3.4539, -2.9544, -2.1199,
-2.6189, -2.5029, -3.4294, -3.0313, -3.2607, -3.4539, -2.6150, -3.0130,
-2.5604, -3.4539, -2.2336, -2.6349, -3.4539, -2.9279, -3.3739, -3.4539,
-2.3045, -3.4539, -2.8428, -3.4539, -2.8399, -3.3867, -3.3802, -3.4143,
-3.1531, -3.1890, -3.2901, -2.6432, -2.0869, -2.9675, -3.4539, -3.1128,
-3.1583, -3.1690, -3.1194, -2.7004, -2.8839, -2.4219, -3.3867, -2.9724,
-2.7501, -3.4455, -3.2417, -2.3742, -2.9687, -3.3086, -3.4539, -3.4455,
-3.4539, -3.0938, -3.0476, -3.4001, -3.3739, -3.1609, -2.9614, -2.3965,
-2.6123, -3.4539, -3.4539, -3.4294, -3.4539, -3.2417, -3.1920, -3.0724,
-3.4373, -2.5590, -3.4539, -3.2647, -2.4952, -2.7366, -3.2173, -3.4539,
-3.4539, -3.4539, -3.4539, -2.1580, -2.3169, -3.4071, -3.4539, -2.3960,
-3.3559, -2.8069, -3.3134, -2.9137, -3.2043, -3.4539, -3.4373, -2.3754,
-3.0145, -3.4539, -3.4294, -3.4539, -3.4071, -2.5105, -3.1609, -2.6689,
-2.5512, -3.4218, -2.1917, -3.4539, -2.8893, -3.1746, -3.4539, -3.4539,
-2.4041, -3.1042, -2.7161, -2.0083, -3.4539, -2.5753, -2.8214, -2.8770,
-2.4701, -3.4539, -2.7660, -2.8787, -3.4539, -3.0220, -2.3115, -3.2274,
-3.3134, -3.4539, -3.2140, -2.2396, -3.3678, -2.6068, -2.9364, -3.1128,
-3.4539, -3.4539, -3.0633, -3.4143, -2.8947, -2.6263, -3.4539, -3.3446,
-3.1950, -3.0313, -3.0329, -3.1890, -3.2688, -2.4836, -2.9946, -3.2814,
-2.6930, -3.4539, -3.4539, -3.1333, -3.2309, -2.1353, -3.1636, -3.4539,
-2.3488, -2.6220, -2.1641, -3.4455, -3.1309, -3.4539, -2.4800, -3.1746,
-2.9906, -3.4373, -2.9906, -3.4455, -3.4294, -1.8671, -3.4539, -2.2478,
-3.1636, -3.1150, -2.6541, -2.6779, -3.0361, -2.9498, -3.1150, -2.9441,
-3.4539, -3.4539, -2.9486, -3.4539, -3.0101, -3.2381, -3.4143, -3.4539,
-3.3933, -3.4373, -3.4455, -3.4539, -2.5994, -3.4218, -3.0476, -2.3989,
-3.0459, -2.5203, -2.5802, -3.4539, -3.4539, -3.4539, -2.6853, -3.1663,
-3.3234, -1.7253, -2.2698, -2.8154, -2.3781, -3.4143, -1.9437, -3.4539,
-3.4539, -2.7197, -3.1455, -3.2417, -3.4539, -3.4539, -3.4455, -3.4539,
-3.2771, -2.9787, -2.7000, -3.1455, -3.4455, -2.0817, -3.4539, -3.4455,
-3.4539, -2.6008, -2.4949, -3.4539, -3.1802, -2.8621, -2.7038, -3.4455,
-3.2345, -3.3867, -3.3867, -2.7943, -1.7771, -3.4373, -2.6068, -3.4373,
-3.2173, -3.4539, -1.8962, -3.2568, -3.1309, -2.8147, -3.4373, -3.2454,
-2.8678, -3.0116, -3.3559, -2.5297, -2.5005, -3.1860, -3.4455, -2.9498,
-3.0878, -3.4539, -3.4539, -2.2120, -3.3134, -2.9311, -3.4539, -3.3234,
-2.5653, -3.4539, -2.1218, -3.4455, -3.0251, -2.3902, -3.4539, -3.4218,
-2.7616, -2.7161, -3.0072, -3.3134, -2.5428, -3.1309, -3.2454, -2.4986,
-3.3802, -2.4554, -3.4539, -3.1774, -3.4539, -2.4689, -3.0938, -3.2381,
-3.1309, -3.0313, -3.3234, -2.2057, -2.0974, -2.7558, -3.2240, -3.3234,
-3.4539, -2.8284, -3.4539, -3.3802, -1.9439, -2.7376, -3.4539, -3.4539,
-2.8589, -2.7017, -3.4539, -3.4539, -3.0058, -3.4539, -2.5338, -3.0979,
-2.3777, -3.4539, -3.1774, -3.4001, -2.9987, -3.0580, -2.7579, -2.7643,
-3.1309, -1.9870, -3.4071, -2.1918, -2.2325, -3.4539, -1.7254, -3.2140,
-2.8201, -3.2992, -1.9103, -3.3337, -2.3923, -3.4455, -3.4143, -2.8839,
-2.5911, -3.1802, -3.4539, -3.4539, -2.8984, -3.4539, -2.4487, -3.3183,
-2.9509, -3.3285, -3.4539, -2.9675, -2.0858, -2.3632, -3.4539, -3.2274,
-3.3678, -3.4539, -3.4373, -3.3678, -2.1875, -2.5722, -3.3391, -3.3802,
-3.3739, -3.3337, -3.0361, -3.1000, -2.8011, -3.4539, -3.4539, -2.8805,
-3.4539, -3.4539, -3.3285, -2.2236, -2.5629, -2.5045, -3.4539, -1.4819,
-3.3086, -2.5137, -3.4143, -2.4828, -3.4539, -3.4539, -1.8771, -2.7563,
-2.3019, -2.6715, -2.8558, -3.1531, -3.3502, -3.3678, -3.2240, -3.3802,
-3.4455, -3.4143, -3.4373, -3.0015, -2.4828, -2.4592, -3.1609, -3.2381,
-2.2381, -3.3678, -2.0878, -3.4539, -2.8956, -3.1128, -3.4539, -2.3941,
-2.9088, -1.6935, -2.7266, -3.4539, -3.0377, -3.4539, -2.6079, -3.4143,
-2.8284, -3.4455, -3.4539, -3.0724, -3.2529, -3.4539, -1.6936, -3.4455,
-3.4539, -2.6741, -2.5366, -2.7038, -2.5988, -2.2805, -1.3614, -2.5991,
-3.4455, -2.4550, -3.4539, -3.4143, -3.4294, -1.9501, -3.0377, -3.3446,
-3.3285, -3.4455, -3.4539, -1.9852, -3.4539, -3.1480, -3.2771, -2.6094,
-2.6930, -1.8793, -2.1699, -3.4001, -3.0878, -3.3502, -3.1480, -3.3134,
-3.1531, -3.3234, -2.4418, -2.6893, -3.4539, -2.6103, -3.4539, -3.4218,
-2.9813, -2.6689, -3.4539, -3.4071, -3.4539, -2.3504, -2.8108, -3.4539,
-1.7604, -3.2454, -3.2992, -2.7313, -3.4539, -3.4218, -3.4539, -3.4539,
-3.0410, -3.0878, -2.7395, -2.0770, -3.4539, -3.4539, -3.4539, -3.2946,
-3.4455, -2.5810, -2.9197, -3.4539, -3.4539, -3.1774, -2.6395, -2.9452,
-3.2729, -2.8884, -2.7501, -3.2173, -3.3337, -2.5604, -3.4539, -2.3482,
-2.8848, -2.5145, -2.8511, -3.4455, -2.7829, -3.3559, -3.4001, -2.7361,
-3.3502, -3.4218, -2.3608, -1.7927, -3.4539, -3.4539, -2.8884, -3.4539,
-2.4246, -2.7275, -2.6730, -3.0058, -3.4539, -3.4539, -3.4218, -3.4539,
-3.1690, -2.9137, -3.4539, -2.3683, -2.5974, -3.4373, -3.3739, -3.0918,
-2.9386, -2.2028, -2.6079, -2.9638, -2.0382, -2.8037, -3.4539, -2.4184,
-3.1286, -3.4001, -3.0562, -3.4539, -2.9098, -2.8466, -3.4143, -3.3134,
-3.4218, -3.0959, -2.1634, -2.4143, -2.9555, -3.4539, -3.4373, -3.1405,
-2.8695, -3.0015, -2.9300, -1.9519, -2.8695, -3.4539, -3.3618, -3.4143,
-3.2274, -2.8413, -3.4539, -3.4539, -3.0878, -3.4455, -3.4539, -2.6700,
-2.8678, -3.4539, -2.4412, -3.4539, -2.7894, -3.2647, -3.4455, -3.3234,
-3.0545, -3.2857, -3.4539, -3.4539, -3.4143, -2.1169, -2.1953, -3.4539,
-3.4218, -3.4539, -3.3867, -3.3391, -2.5646, -1.5041, -2.5195, -3.0160,
-3.2417, -2.3925, -2.5658, -3.4539, -3.0762, -3.3867, -3.4539, -3.4143,
-1.9302, -3.4539, -2.9663, -3.4539, -3.4539, -2.4312, -2.9040, -2.9699,
-3.4539, -3.3183, -2.8662, -2.6893, -2.5428, -3.2454, -2.5997, -3.4539,
-2.6282, -2.3235, -2.4704, -2.2049, -3.0510, -3.2729, -3.4539, -2.8062,
-3.4071, -2.2129, -3.4539, -2.6822, -3.4455, -3.0361, -3.1636, -1.8871,
-2.0948, -3.4539, -3.4539, -2.7247, -2.4517, -2.3780, -2.7308, -3.4539,
-3.0858, -2.4229, -3.4539, -3.0651, -3.4539, -2.5173, -2.1338, -3.4539,
-2.5692, -1.6572, -3.0669, -3.0858, -2.7760, -3.4539, -2.3400, -2.4952,
-2.6079, -3.4539, -2.3316, -2.1129, -2.5310, -1.8533, -3.4539, -2.4856,
-2.8228, -3.0101, -3.3802, -2.5478, -1.4998, -1.7736, -1.7617, -3.4539,
-2.5012, -1.5605, -3.4455, -3.4539, -2.2107, -3.4539, -3.1357, -2.1481,
-2.3214, -3.4539, -2.2296, -2.3366, -2.0586, -2.9520, -3.1920, -2.7475,
-2.0495, -1.5378, -3.0959, -2.8005, -2.3508, -3.4539, -3.2417, -3.1690,
-2.2090, -3.4539, -2.2971, -3.2309, -2.2008, -2.2265, -3.2647, -3.2345,
-3.2381, -1.1083, -3.0058, -2.5771, -2.3467, -3.4539, -3.4539, -3.4539,
-2.2308, -2.6641, -2.1925, -3.3618, -3.4539, -3.2206, -2.3162, -2.9544,
-2.4089, -3.4539, -2.8062, -2.0886, -2.2482, -1.8133, -2.2135, -2.8377,
-1.9947, -2.7303, -3.4539, -2.7270, -2.4833, -3.1802, -2.7415, -3.4373,
-2.0895, -3.4539, -2.1464, -3.4143, -3.2491, -3.1609, -2.9452, -2.5903,
-2.7215, -2.7665, -3.4539, -2.4472, -3.0029, -2.4514, -3.3446, -3.2345,
-2.3782, -3.4539, -2.8805, -2.3205, -3.0597, -3.2345, -2.7318, -3.1802,
-2.8458, -3.4294, -2.8134, -2.9364, -2.9906, -2.8695, -3.2345, -2.1579,
-2.1875, -2.4847, -2.4687, -3.4539, -3.0724, -3.4539, -3.1172, -3.4539,
-2.6372, -2.7261, -3.3285, -2.6530, -2.6760, -2.9687, -2.8496, -2.4268,
-3.4071, -3.1063, -3.2345, -3.4539, -3.1860, -2.3399, -3.4218, -2.9687,
-2.8024, -3.4539, -1.8788, -1.9753, -3.4539, -2.1759, -2.9088, -3.4539,
-3.4294, -2.7450, -3.2173, -3.4539, -2.2880, -1.3947, -3.4539, -3.0687,
-3.4143, -3.2688, -3.0393, -3.4539, -3.4373, -2.4758, -3.1194, -2.0373,
-3.4539, -3.4143, -1.9601, -2.7907, -2.4042, -2.3761, -3.3559, -3.4539,
-1.8596, -2.3854, -3.1802, -1.9742, -3.4539, -2.7351, -3.4539, -3.4539,
-3.3933, -3.0597, -3.4539, -2.9197, -3.1774, -3.4539, -3.2075, -3.4539,
-3.3678, -3.2901, -3.4539, -2.3893, -3.2206, -3.4539, -3.1455, -3.3337,
-3.4539, -3.4539, -3.2206, -2.3902, -3.0361, -3.1802, -2.0226, -3.0800,
-3.2901, -2.5232, -2.9197, -3.4373, -3.2075, -3.4143, -3.4071, -3.4539,
-3.1860, -3.4218, -3.4539, -2.2726, -3.4539, -3.1286, -2.6838, -3.4539,
-2.8201, -3.3285, -2.6257, -3.4071, -3.4539, -3.2206, -3.4539, -3.2381,
-2.4630, -2.7537, -3.4539, -1.9838, -3.3867, -2.4087, -2.7410, -1.9449,
-2.9933, -3.4539, -3.4539, -3.4539, -3.3739, -3.4539, -2.2298, -3.1557,
-2.9638, -3.0130, -2.1901, -3.1405, -2.2351, -3.4539, -2.6317, -2.9737,
-3.2454, -3.3678, -3.0615, -2.3120, -3.4373, -3.4539, -2.5464, -3.4539,
-3.1505, -3.3867, -3.1505, -2.9464, -3.4071, -3.4539, -3.1981, -2.7771,
-3.4539, -3.4218, -3.4218, -1.7344, -3.1128, -2.3824, -2.5561, -1.3783,
-2.8312, -1.6330, -1.9015, -2.6752, -3.4218, -2.7882, -3.2345, -3.2814,
-2.5216, -3.1194, -3.3391, -3.4539, -2.7229, -3.2857, -2.1564, -2.6520,
-3.4539, -3.4071, -3.4539, -1.7934, -2.2937, -2.9269, -2.7017, -3.4218,
-3.4539, -3.4455, -3.2729, -2.7574, -2.8589, -3.4539, -3.0898, -2.6587,
-2.8813, -2.3315, -3.3285, -3.2043, -3.0562, -3.3391, -2.1983, -2.8728,
-3.4539, -2.6359, -3.1950, -3.1455, -3.2075, -2.9269, -2.4080, -3.0029,
-3.1042, -3.4539, -2.5157, -2.4694, -3.4539, -3.4539, -2.3118, -2.2954,
-3.0001, -3.2946, -3.0282, -3.4539, -3.4539, -3.2901, -2.6198, -3.2107,
-3.2814, -3.0527, -3.3446, -3.2274, -3.4539, -2.6472, -2.8662, -2.8333,
-2.5710, -3.1333, -3.4539, -3.0918, -3.4218, -3.4455, -2.5889, -3.4539,
-2.8088, -3.0377, -2.3561, -2.7356, -3.4539, -2.3980, -2.3708, -3.1950,
-3.1718, -1.9200, -3.2107, -2.3972, -2.5123, -2.7871, -3.4455, -3.1286,
-2.6771, -2.7490, -3.4539, -3.1381, -2.0507, -3.2240, -3.0651, -3.4294,
-1.9678, -3.4539, -2.0310, -3.3502, -3.0251, -3.3337, -3.1286, -3.4539,
-2.9826, -2.2847, -3.1663, -1.5675, -2.6479, -2.8605, -3.1263, -3.4539,
-2.5887, -2.3513, -3.4539, -3.4539, -3.4539, -3.3234, -3.2043, -3.4539,
-3.4539, -3.4539, -2.0960, -3.4539, -3.1150, -3.4539, -2.3664, -3.3502,
-3.3134, -2.3663, -2.9012, -2.6144, -2.3378, -3.4455, -2.4607, -1.8356,
-3.3183, -2.8770, -2.3489, -2.6039, -2.3701, -2.6091, -3.4539, -3.4071,
-3.1480, -2.0912, -2.9228, -3.4539, -2.0136, -3.4143, -2.9974, -3.4373,
-1.8424, -3.1746, -2.9749, -3.1063, -2.9737, -3.4539, -2.5833, -3.4539,
-3.3446, -2.6950, -2.9197, -2.8201, -3.0029, -2.2484, -3.4455, -2.3860,
-2.3133, -1.8765, -2.2895, -3.4539, -3.3739, -3.4539, -3.4539, -2.5636,
-3.1981, -2.9879, -2.2346, -2.2963, -2.8167, -2.5078, -2.5974, -3.4373,
-3.4539, -2.5489, -2.6168, -2.2955, -3.4539, -2.7665, -3.4143, -2.1123,
-3.4539, -2.3056, -3.4539, -3.3391, -2.4993, -3.3559, -3.3183, -2.3269,
-2.8140, -2.9813, -3.3446, -3.2857, -3.2206, -3.4539, -2.4328, -2.5799,
-2.4517, -3.2607, -3.0545, -3.4539, -3.3802, -3.0001, -3.0781, -3.4373,
-2.7460, -3.4539, -3.3739, -3.2309, -2.9375, -3.0426, -2.5980, -3.1240,
-3.1405, -2.6223, -3.4539, -2.7789, -3.1021, -2.8558, -3.1860, -1.9344,
-3.4539, -2.7516, -2.6123, -3.4539, -3.4218, -3.4294, -2.9787, -1.9460,
-3.4294, -2.1481, -3.4539, -2.8956, -2.8762, -3.1690, -3.3086, -2.8893,
-2.0437, -3.4294, -3.4539, -3.2568, -2.5900, -3.2417, -3.4539, -1.9644,
-3.0781, -2.6685, -2.4696, -1.9248, -2.0988, -3.2946, -2.7485, -2.3281,
-3.3391, -3.4539, -3.4455, -2.8711, -2.2512, -2.8535, -2.0371, -3.4071,
-2.3274, -2.4486, -3.2043, -2.3633, -3.3933, -3.4539, -2.6520, -3.4539,
-3.4539, -1.5422, -2.4753, -3.4539, -2.3426, -3.3933, -3.4539, -3.4455,
-3.2857, -3.0410, -3.4294, -3.4539, -3.4539, -3.4001, -3.4539, -2.4250,
-2.6317, -3.4001, -2.9532, -2.4943, -2.6558, -2.2721, -3.3933, -2.6492,
-3.4539, -3.4294, -3.4539, -3.2771, -3.2345, -3.4455, -3.1746, -3.1831,
-3.2012, -3.3867, -3.4539, -1.9033, -2.2714, -2.3185, -2.4767, -2.9509,
-2.7030, -2.2347, -3.1860, -3.3446, -2.8920, -2.7800, -3.1557, -2.5062,
-2.4905, -2.4302, -3.0762, -2.0174, -3.4539, -2.7789, -3.1063, -2.4219,
-2.9187, -3.3867, -2.9127, -3.4539, -2.4978, -3.2946, -3.3038, -1.8057,
-3.3337, -2.8893, -3.4539, -3.2417, -3.4539, -2.9520, -3.3502, -2.6830,
-3.4071, -3.3038, -1.0312, -2.7445, -3.4373, -2.5137, -3.4143, -2.9602,
-3.4143, -3.4539, -3.2647, -2.6730, -3.2688, -2.3955, -3.0361, -2.7400,
-3.0160, -3.3678, -3.4143, -2.2848, -2.8984, -3.4539, -3.4539, -1.9132,
-3.2568, -3.1950, -3.4539, -3.3038, -3.3678, -3.4539, -1.9614, -3.4539,
-2.5576, -3.0145, -2.3808, -3.4001, -3.3337, -3.1480, -2.1969, -2.3341,
-3.4218, -3.3618, -2.1087, -2.9614, -3.1217, -3.3802, -3.4539, -2.4445,
-2.7800, -3.2901, -3.3337, -3.4539, -3.4539, -2.0773, -3.4539, -2.2809,
-2.8848, -3.3618, -3.4539, -2.9498, -2.5453, -3.3618, -3.1890, -2.8637,
-3.3933, -3.2417, -2.1223, -3.4539, -2.0961, -2.6352, -2.4679, -3.0393,
-3.4539, -2.9544, -2.8911, -2.6059, -3.4539, -3.4539, -3.2309, -3.4539,
-3.4373, -2.9217, -3.2946, -3.1286, -2.9187, -3.1718, -2.5889, -3.0426,
-3.3618, -3.4539, -3.4539, -2.7380, -3.4539, -3.2491, -3.4539, -3.1021,
-3.3933, -3.3933, -1.9009, -3.0706, -2.2592, -2.4899, -2.4214, -3.4001,
-3.4539, -2.6362, -1.9794, -3.1357, -2.3715, -3.1172, -3.1309, -3.4294,
-2.2165, -2.0022, -2.3126, -3.0858, -2.5018, -2.8160, -2.6666, -3.0938,
-3.0029, -3.1357, -3.4455, -3.0329, -3.1831, -3.4539, -3.0190, -3.3739,
-2.7871, -3.4294, -1.5659, -2.4309, -2.3657, -3.4539, -2.4835, -1.8066,
-3.0706, -3.4539, -3.4539, -3.4539, -3.4539, -3.4455, -3.4539, -2.4950,
-2.8194, -3.2857, -2.3796, -2.9737, -3.3183, -3.3678, -3.4001, -3.0510,
-2.5870, -3.4539, -2.5839, -3.4539, -2.4155, -3.4455, -3.4373, -3.4539,
-2.2595, -2.3791, -2.8291, -3.4539, -2.5865, -1.6204, -2.1712, -2.8326,
-3.4539, -3.1981, -2.5588, -2.5687, -3.4539, -2.9663, -2.3455, -2.9498,
-2.7356, -1.9145, -2.5595, -3.4539, -3.1000, -3.1860, -2.2441, -3.4539,
-3.4539, -2.6492, -2.8984, -2.7829, -2.5187, -2.3408, -1.5575, -3.4539,
-3.0615, -1.9208, -2.0341, -3.2771, -2.2682, -2.3512, -2.9602, -3.4539,
-3.2946, -3.1172, -2.9749, -3.2814, -2.1637, -2.9021, -3.2107, -3.4001,
-3.4294, -2.7025, -3.0410, -3.4539, -2.5469, -2.9486, -3.1718, -3.3933,
-3.3183, -1.6184, -2.3465, -3.0510, -3.4539, -3.0762, -2.5740, -2.4378,
-2.2732, -2.1988, -2.5873, -1.7917, -3.3739, -2.6513, -3.1831, -3.2992,
-3.4539, -2.4896, -2.9687, -2.9031, -3.4539, -3.0190, -3.4539, -2.6885,
-3.0476, -2.7470, -2.5446, -2.1726, -3.2729, -2.8678, -3.2274, -3.0669,
-2.8975, -3.4373, -2.7771, -3.2946, -3.4539, -3.3502, -3.4539, -2.9749,
-1.7850, -3.4539, -3.3183, -1.6356, -3.4373, -1.9838, -3.1063, -2.6362,
-3.2647, -3.0898, -2.9012, -2.3831, -3.0615, -3.4455, -3.0058, -1.9137,
-3.4539, -3.1774, -2.1883, -3.0959, -2.2940, -3.1746, -3.0377, -2.5195,
-2.4391, -2.2726, -3.3446, -2.9933, -3.4539, -2.2542, -2.2866, -2.2687,
-2.1196, -3.4071, -2.9933, -3.4539, -2.0950, -2.4442, -2.8839, -3.1802,
-2.7465, -3.4539, -2.6388, -2.4559, -2.2811, -2.3139, -3.4218, -3.4539,
-2.8263, -3.4294, -3.4539, -3.0476, -3.1309, -3.4539, -2.3325, -2.7086,
-2.8745, -3.2345, -3.2240, -3.4539, -3.2043, -3.1583, -3.4539, -3.4071,
-3.2992, -2.5301, -3.4539, -2.1332, -2.2163, -3.4539, -2.3918, -3.3678,
-2.1300, -3.3391, -3.4539, -2.9737, -2.8762, -2.6362, -3.1240, -2.8340,
-3.4539, -3.4071, -3.2568, -2.5722, -2.2393, -2.8993, -3.2814, -3.4539,
-3.2345, -3.4539, -2.4570, -3.3502, -3.4539, -3.4218, -3.4539, -3.1217,
-3.4539, -2.6251, -2.7440, -2.7743, -3.3134, -2.7179, -3.4539, -3.0493,
-2.1302, -3.4539, -3.4539, -3.3618, -3.0493, -3.1636, -3.2857, -3.4373,
-3.4539, -2.7004, -3.2309, -1.8354, -3.4539, -2.9197, -2.3277, -3.4455,
-3.4539, -2.2645, -2.8670, -3.4539, -3.4539, -3.0651, -3.4539, -3.2107,
-3.3933, -2.4392, -2.6775, -2.9520, -3.4539, -3.1690, -3.4455, -3.4539,
-3.4455, -3.4455, -2.8134, -3.1217, -3.4455, -3.4539, -3.2607, -3.0858,
-3.2381, -2.3966, -2.6601, -2.6963, -3.0426, -2.6030, -2.3417, -2.9532,
-2.6412, -2.9452, -2.7210, -3.3446, -2.7859, -2.8558, -2.5812, -3.3086,
-3.4539, -3.1128, -3.4539, -2.8866, -2.6085, -2.5014, -3.0205, -3.4539,
-3.4539, -3.0669, -1.7106, -2.9946, -3.2012, -3.4539, -2.9879, -2.9852,
-3.3678, -2.5012, -3.1381, -3.1381, -3.4373, -3.4001, -2.2603, -2.9486,
-2.7376, -2.5501, -3.1505, -2.7210, -2.8848, -2.8011, -2.3319, -3.3802,
-3.4539, -3.4071, -2.2181, -2.9498, -2.9663, -2.5293, -3.3285, -3.0220,
-3.4539, -3.2771, -2.6975, -2.0806, -3.2417, -2.0383, -3.4539, -3.0781,
-3.4539, -3.3933, -3.4218, -2.6327, -3.3446, -3.2309, -2.7318, -3.2173,
-3.0393, -3.3618, -3.0313, -3.0251, -2.5836, -3.1194, -2.7682, -3.3502,
-3.3678, -3.4539, -2.9663, -3.4539, -2.3013, -2.4394, -3.2140, -3.4455,
-3.2607, -3.0282, -3.1217, -3.2647, -3.4539, -3.4539, -2.5728, -2.2546,
-2.4222, -3.2647, -3.2274, -3.3867, -2.5626, -2.2253, -2.7224, -2.2314,
-2.9933, -2.9813, -3.4539, -3.0687, -1.6459, -3.3802, -3.2729, -3.3618,
-2.4919, -3.1128, -2.6530, -2.7017, -3.4539, -2.6479, -3.3446, -3.4539,
-3.4539, -2.6922, -3.2771, -3.4539, -2.8062, -2.9602, -3.4539, -3.2454,
-2.9498, -2.7000, -3.4539, -2.6452, -3.3337, -3.3502, -3.4455, -3.4071,
-2.6551, -2.2034, -1.4157, -2.6849, -3.4539, -3.2274, -3.1531, -3.1950,
-3.1309, -3.4539, -1.9814, -1.5128, -3.1774, -3.4539, -3.4539, -2.4142,
-2.0449, -2.3333, -2.2800, -3.4373, -3.3618, -2.8369, -2.9800, -3.4294,
-3.4373, -3.4218, -3.4539, -2.9486, -1.2163, -2.7800, -2.3815, -2.0973,
-3.4294, -3.4539, -3.2107, -3.3933, -3.3183, -3.4539, -3.3618, -2.2104,
-3.4539, -3.4539, -3.4539, -2.6465, -3.4373, -2.8902, -2.2892, -2.5274,
-3.4539, -3.0426, -2.8458, -3.2946, -2.2080, -3.4001, -2.5547, -3.4539,
-3.3867, -3.4539, -3.2946, -3.4539, -2.4777, -3.1920, -2.9579, -1.5498,
-3.1746, -1.8162, -3.4539, -2.8208, -3.1128, -3.4539, -3.0959, -3.4539,
-2.1585, -2.7925, -2.6869, -3.4373, -3.4539, -3.4539, -3.4539, -2.9321,
-3.2568, -3.4539, -2.4914, -3.2992, -3.2417, -2.7660, -2.4892, -3.4373,
-1.7283, -3.2107, -2.9157, -3.4539, -2.1737, -2.7460, -3.0205, -3.3285,
-2.7999, -3.4539, -2.5373, -3.0878, -3.4143, -3.1981, -3.2946, -3.4539,
-3.3739, -2.8208, -3.4539, -3.3867, -2.3386, -3.4373, -3.4218, -3.2240,
-2.3071, -2.8075, -3.3183, -2.9311, -3.2771, -2.8121, -3.2417, -3.4539,
-3.0361, -3.4539, -1.8463, -3.4539, -2.6551, -3.4455, -3.4539, -3.2454,
-3.3234, -3.4539, -2.5865, -2.2559, -3.2012, -3.3802, -3.2814, -3.0651,
-3.4539, -2.3769, -3.4539, -2.8458, -2.3910, -2.9364, -3.3183, -2.4383,
-2.7465, -2.4498, -3.2771, -3.4539, -2.8574, -1.8635, -3.4539, -2.9892,
-3.0493, -3.4539, -3.2992, -3.4001, -3.4218, -2.2267, -2.8770, -3.4001,
-2.8384, -3.4539, -3.4294, -3.4539, -3.4539, -3.2647, -3.4539, -2.9127,
-3.4539, -3.1950, -2.8670, -3.2240, -2.2829, -3.3618, -3.4539, -3.0706,
-3.4539, -2.4550, -2.3394, -2.1272, -3.4539, -3.3618, -3.4539, -2.9197,
-2.6492, -2.5201, -2.9228, -3.4539, -3.4539, -3.0706, -3.4539, -3.4539,
-2.9441, -3.2607, -2.5857, -3.4539, -3.4373, -3.4539, -3.4539, -3.0058,
-3.4539, -3.4539, -3.4539, -3.1718, -2.4431, -3.2173, -3.4539, -3.4539,
-2.2909, -2.9078, -2.9626, -3.2607, -3.4294, -3.3559, -1.7958, -2.4337,
-3.0476, -2.8187, -2.6988, -2.7638, -3.3183, -2.5578, -3.2568, -2.3141,
-2.2623, -2.7496, -3.4539, -2.1605, -3.4539, -3.4539, -2.8147, -3.3739,
-3.2607, -2.0250, -1.3066, -3.4294, -3.4539, -3.4455, -2.7038, -3.4539,
-1.8660, -2.4649, -3.4455, -3.3285, -2.6810, -3.3678, -2.8037, -3.1636,
-3.4539, -3.4294, -3.2309, -3.2814, -3.4539, -3.2274, -1.8914, -2.4215,
-2.9002, -3.4539, -2.8613, -3.4539, -2.8770, -2.9228, -3.4539, -3.0979,
-2.8194, -3.2043, -3.4539, -2.9397, -3.4294, -3.3739, -3.4373, -3.4539,
-3.4539, -3.0597, -3.4539, -3.1106, -3.4071, -3.3933, -3.2607, -3.2771,
-3.2729, -2.3536, -2.1264, -2.7516, -3.4455, -3.4539, -2.5327, -3.1636,
-3.4455, -3.4539, -3.2274, -3.4539, -2.6954, -3.4539, -2.4077, -2.3617,
-3.4539, -2.9177, -2.5448, -3.4539, -3.0001, -3.2140, -3.4539, -2.6838,
-2.8399, -3.0858, -2.6555, -3.3739, -2.9544, -3.4455, -3.3559, -2.5941,
-2.2708, -3.4539, -2.4630, -3.2309, -3.4539, -3.4539, -2.9498, -2.7410,
-3.1357, -2.7720, -2.2848, -2.8305, -3.1557, -3.4143, -2.4908, -3.1920,
-3.4218, -3.4218, -2.6301, -2.7660, -3.4539, -3.1309, -2.2779, -2.0299,
-2.0281, -2.4064, -2.5583, -3.2901, -3.4539, -2.8147, -2.5833, -3.4539,
-3.4218, -2.4351, -3.4539, -3.2647, -3.4539, -2.5083, -3.4373, -2.6311,
-3.1480, -3.4539, -2.0923, -3.4539, -2.5916, -2.1207, -3.4539, -3.1531,
-2.0563, -3.1505, -2.3111, -2.6372, -2.9002, -2.0466, -3.4455, -3.4071,
-3.0706, -2.0989, -2.8621, -2.8481, -2.7051, -3.4455, -2.2373, -3.0015,
-3.2607, -3.3739, -3.3391, -2.8956, -3.4455, -2.6967, -3.3802, -3.3086,
-2.6472, -3.4294, -3.4539, -3.1920, -2.2190, -3.4539, -3.2417, -3.4539,
-2.9762, -3.4373, -3.4539, -2.4939, -2.6893, -2.3509, -3.2771, -2.8762,
-2.6385, -3.3285, -2.6048, -2.8920, -2.9567, -3.4539, -2.6165, -1.7588,
-1.3472, -3.2309, -1.8003, -3.4539, -2.5353, -3.3234, -2.6379, -3.4539,
-2.6385, -3.4294, -2.9290, -3.4539, -3.4373, -2.7086, -2.6634, -2.5797,
-2.9567, -2.0021, -2.9591, -2.8228, -3.2417, -3.4071, -3.1860, -3.0762,
-3.1405, -3.4539, -3.2240, -2.9300, -2.2300, -2.3271, -3.4143, -2.3156,
-2.5238, -2.2284, -3.4001, -2.5997, -1.6153, -2.5342, -3.3086, -3.4539,
-3.4539, -2.9452, -3.4539, -3.2043, -2.6385, -2.9787, -3.3391, -2.4196,
-3.3933, -3.0510, -3.0858, -3.1217, -3.3285, -3.4539, -3.2417, -3.2529,
-2.7475, -2.7894, -3.0562, -2.7749, -3.0329, -2.6889, -2.6109, -3.4539,
-3.4539, -3.3802, -2.8805, -3.1920, -3.0800, -2.2376, -3.1920, -2.7931,
-3.1831, -2.4980, -1.9592, -2.9300, -3.2568, -2.1575, -2.9737, -3.2814,
-3.1860, -1.9806, -3.4539, -3.0393, -3.2647, -3.2491, -3.4001, -2.9919,
-2.4770, -3.2140, -3.4539, -3.4539, -2.3214, -2.8519, -2.5501, -2.4437,
-3.4373, -2.9614, -3.1609, -3.2647, -3.1150, -2.4826, -2.6849, -2.3130,
-2.7737, -2.2634, -3.2454, -1.7979, -3.2491, -3.0669, -2.8249, -2.6520,
-3.4539, -2.0767, -2.9147, -2.9699, -2.9614, -2.3123, -3.4539, -2.9311,
-2.7526, -3.3802, -2.4162, -3.3134, -3.3134, -3.3867, -2.9852, -3.4539,
-2.0573, -3.2771, -3.4455, -3.4373, -2.9069, -3.3337, -1.1980, -3.4539,
-3.4539, -1.6291, -2.5368, -3.2688, -3.3678, -3.4539, -3.4539, -2.4867,
-2.6885, -1.6796, -3.4294, -3.2607, -3.4539, -3.4218, -3.2274, -3.4455,
-2.8956, -3.4539, -2.8993, -2.5561, -2.9906, -3.2274, -3.4539, -2.7174,
-3.4539, -3.0086, -2.6573, -2.4791, -3.2240, -2.4575, -2.4460, -2.6129,
-3.4143, -2.2455, -2.9626, -2.5310, -3.4539, -3.4001, -2.5559, -3.3867,
-2.6802, -2.6996, -3.0044, -2.9167, -3.4539, -3.4539, -3.1217, -2.8670,
-2.1302, -3.3337, -2.1784, -1.8826, -2.0916, -2.4905, -1.7359, -3.2173,
-3.1609, -2.2469, -2.8167, -3.4539, -3.4001, -2.8736, -1.6448, -3.4539,
-2.4019, -3.0459, -2.9933, -2.7030, -3.0510, -2.8242, -2.3290, -2.4206,
-3.4373, -2.6942, -3.0562, -1.9406, -2.3226, -3.4539, -1.7847, -3.4001,
-2.7532, -2.1668, -2.7496, -2.3711, -3.3867, -2.4517, -3.2309, -3.3134,
-3.4373, -2.1612, -3.4539, -3.1718, -3.4539, -2.0812, -3.1286, -2.4375,
-2.2366, -3.1663, -3.2946, -3.4373, -3.2491, -3.0426, -2.9663, -3.2417,
-2.3223, -2.1754, -2.3964, -3.4539, -3.4539, -2.3276, -3.4539, -3.4539,
-3.4373, -3.3739, -3.4539, -1.6957, -2.4738, -3.4539, -2.2147, -2.8377,
-2.2943, -3.4539, -3.3618, -1.8653, -2.9762, -3.3867, -2.7777, -2.2980,
-1.8882, -2.1404, -2.3211, -2.5643, -2.8662, -2.8114, -3.4294, -3.4373,
-2.9532, -3.4218, -3.1106, -2.9724, -3.0101, -3.2206, -3.1531, -3.2771,
-3.4539, -3.4071, -3.4539, -3.0743, -3.4294, -2.4340, -3.0510, -3.4455,
-3.4539, -2.6458, -2.5334, -3.4539, -2.9602, -3.0839, -2.5690, -3.4539,
-3.4143, -3.0297, -2.6674, -3.1557, -2.6760, -1.8720, -2.8362, -3.4539,
-3.4373, -2.7888, -3.2417, -3.4539, -1.9461, -2.2589, -3.4539, -2.6587,
-2.2768, -3.2454, -2.4633, -2.5705, -3.4539, -3.4539, -2.7112, -3.3933,
-3.3134, -3.0190, -2.7322, -2.1744, -3.0282, -2.2579, -2.7693, -3.4539,
-3.4539, -2.2073, -3.4539, -3.2568, -3.2857, -2.5595, -2.7390, -3.4539,
-2.4874, -2.9147, -3.4539, -2.1779, -2.6301, -2.5636, -2.3826, -2.2785,
-3.2607, -3.4539, -2.9544, -3.4539, -3.3678, -3.4539, -3.1981, -3.4539,
-3.4539, -2.0535, -3.4539, -3.1263, -2.7627, -2.6129, -3.4143, -3.0015,
-3.3618, -3.4539, -3.4539, -3.2240, -3.4539, -3.4539, -3.2274, -3.3234,
-2.7275, -3.3867, -3.2173, -3.1150, -3.0878, -2.7632, -3.2309, -3.4539,
-3.3183, -2.8049, -3.4539, -3.4539, -2.2012, -3.4539, -3.3867, -3.4539,
-3.4539, -3.4539, -3.2345, -1.5085, -3.1950, -3.4539, -3.4373, -3.2173,
-2.6517, -2.1366, -3.4455, -3.3337, -3.4539, -1.6783, -2.4031, -3.2729,
-2.8866, -2.5035, -3.4539, -1.9489, -3.2417, -2.6818, -3.4539, -3.1309,
-3.4539, -1.7171, -2.6779, -2.9343, -2.5566, -2.3107, -2.3234, -3.4143,
-2.3873, -2.1761, -3.1663, -2.5955, -3.4539, -2.7206, -3.4539, -3.4539,
-3.1746, -2.3300, -1.7855, -2.2447, -3.4539, -2.6715, -2.4646, -3.4294,
-2.7812, -3.4539, -3.4539, -2.3440, -2.6909, -2.4074, -1.8436, -1.7282,
-2.0784, -2.3166, -3.4539, -3.4539, -3.4539
